0802409431 9780802409430
1891595245 9781891595241
0897876253 9780897876254
0300091893 9780300091892
5887021454 9785887021454
9879960165 9789879960165
0764422790 9780764422799
0534264956 9780534264956
0517568438 9780517568439
286537792X 9782865377923
3110175754 9783110175752
0732274680 9780732274689
9682978734 9789682978739
1420102761 9781420102765
091433655X 9780914336556
0538140208 9780538140201
1557666296 9781557666291
0439897513 9780439897518
0310607108 9780310607106
8484566056 9788484566052
0471614475 9780471614470
0548573611 9780548573617
0716789019 9780716789017
0548693714 9780548693711
354078439X 9783540784395
1592964729 9781592964727
0606028471 9780606028479
0559649762 9780559649769
0451129563 9780451129567
0295956194 9780295956190
0252014626 9780252014628
0548879745 9780548879740
1420878840 9781420878844
0882293826 9780882293820
1580330061 9781580330060
1434304159 9781434304155
1605975990 9781605975993
0884964086 9780884964087
0976425629 9780976425625
142415152X 9781424151523
0756400074 9780756400071
1604537876 9781604537871
0573691983 9780573691980
9871081073 9789871081073
1412094054 9781412094054
0720472288 9780720472288
8480181125 9788480181129
9683644236 9789683644237
0941451763 9780941451765
1591607663 9781591607663
0911307761 9780911307764
0376042982 9780376042989
1556551525 9781556551529
0891168605 9780891168607
8301027592 9788301027599
0141316098 9780141316093
8430021779 9788430021772
0859676900 9780859676908
3854206933 9783854206934
0976096706 9780976096702
5808400783 9785808400788
1421977281 9781421977287
0811842177 9780811842174
0892060794 9780892060795
0687300304 9780687300303
052167638X 9780521676380
0883183889 9780883183885
1604743530 9781604743531
0877596468 9780877596462
0516204424 9780516204420
0613753895 9780613753890
0153402873 9780153402876
1883717272 9781883717278
0965916456 9780965916455
0030746671 9780030746673
3718603101 9783718603107
0078820901 9780078820908
1877059161 9781877059162
1841210137 9781841210131
0805724052 9780805724059
0387074287 9780387074283
1597711225 9781597711227
1600142702 9781600142703
9290221941 9789290221944
1558963677 9781558963672
1933662034 9781933662039
970902261X 9789709022612
0870658425 9780870658426
1401876625 9781401876623
9793285036 9789793285030
8991331998 9788991331990
3453059085 9783453059085
0774814438 9780774814430
1559144637 9781559144636
088646191X 9780886461911
3880201994 9783880201996
0850668514 9780850668513
0387978399 9780387978390
0340977744 9780340977743
0325006849 9780325006840
0320054497 9780320054495
388985270X 9783889852700
0801057140 9780801057144
0824059379 9780824059378
0449446336 9780449446331
0307110540 9780307110541
0671744771 9780671744779
0520227670 9780520227675
0671554816 9780671554811
0700706461 9780700706464
1420853481 9781420853483
1553675576 9781553675570
3902053054 9783902053053
9759546507 9789759546502
9715502946 9789715502948
3810722685 9783810722683
0977637123 9780977637126
9660213581 9789660213586
1427074992 9781427074997
9684116462 9789684116467
0809118904 9780809118908
0802794513 9780802794512
0787661503 9780787661502
9632085280 9789632085289
8420448168 9788420448169
0803945450 9780803945456
0976728303 9780976728306
9179003087 9789179003081
188388425X 9781883884253
3876270162 9783876270166
0781710138 9780781710138
0952000407 9780952000402
055471437X 9780554714370
0686178106 9780686178101
4770015348 9784770015341
8435504301 9788435504300
0966245415 9780966245417
0688164994 9780688164997
2708700871 9782708700871
078766992X 9780787669928
1875943250 9781875943258
0824076753 9780824076757
8834812433 9788834812433
0852700598 9780852700594
3908450322 9783908450320
0123875609 9780123875600
0528860666 9780528860669
0451522486 9780451522481
9022308758 9789022308752
0345018796 9780345018793
4582841961 9784582841961
0548887454 9780548887455
0920576834 9780920576830
7536717725 9787536717725
0801982812 9780801982811
0064405109 9780064405102
0881955108 9780881955101
9781421665 9789781421662
0333150988 9780333150986
2717816976 9782717816976
0521056772 9780521056779
1441907165 9781441907165
9507100458 9789507100451
1873410247 9781873410240
0844659444 9780844659442
0160450489 9780160450488
0768835976 9780768835977
1557731306 9781557731302
0793827620 9780793827626
0143001353 9780143001355
0590448900 9780590448901
193045550X 9781930455504
0814471986 9780814471982
0933979150 9780933979154
1894020839 9781894020831
8439349750 9788439349754
0662265955 9780662265955
0822201992 9780822201991
1103984284 9781103984282
8481746436 9788481746433
0712621539 9780712621533
0160526582 9780160526589
081210823X 9780812108231
3923120001 9783923120000
0786137568 9780786137565
8813261845 9788813261849
1841151386 9781841151381
0884020649 9780884020646
0865680612 9780865680616
0761471715 9780761471714
8496515028 9788496515024
0471079960 9780471079965
3639114205 9783639114201
1585790273 9781585790272
0898700450 9780898700459
8750347586 9788750347583
1891438018 9781891438011
1563052474 9781563052477
0805080236 9780805080230
0870001159 9780870001154
3475520974 9783475520976
0559253907 9780559253904
0030000645 9780030000645
9872060401 9789872060404
0061012092 9780061012099
111030403X 9781110304035
1556709838 9781556709838
0522840175 9780522840179
0809302195 9780809302192
1581742444 9781581742442
0536609136 9780536609137
3878763123 9783878763123
0553542265 9780553542264
0899709400 9780899709406
1555036929 9781555036928
0862644518 9780862644512
1559391448 9781559391443
0895245221 9780895245229
1602833044 9781602833043
3351011709 9783351011703
0613210956 9780613210959
9879395328 9789879395325
0812575628 9780812575620
0230602258 9780230602250
3060061203 9783060061204
1880399334 9781880399330
1401084656 9781401084653
8301105399 9788301105396
8487641288 9788487641282
5767100802 9785767100804
0590333224 9780590333221
0958190534 9780958190534
1426452004 9781426452000
089925635X 9780899256351
1413711278 9781413711271
0837368057 9780837368054
0340734868 9780340734865
0763114421 9780763114428
1428007644 9781428007642
159311057X 9781593110574
8474967333 9788474967333
1740593685 9781740593687
0006380433 9780006380436
0967989604 9780967989600
1428624554 9781428624559
0764319337 9780764319334
0896086291 9780896086296
8475660150 9788475660158
8431502665 9788431502669
0458961000 9780458961009
0595281826 9780595281824
0825416051 9780825416057
0921057636 9780921057635
0606005048 9780606005043
089236467X 9780892364671
0825422973 9780825422973
1592133657 9781592133659
1426430361 9781426430367
8846407504 9788846407504
1598699903 9781598699906
0716304171 9780716304173
1581979452 9781581979459
9745971545 9789745971547
0913153036 9780913153031
155642292X 9781556422928
1905042280 9781905042289
8466754466 9788466754460
0768206340 9780768206340
0195423232 9780195423235
8486047234 9788486047238
0706370082 9780706370089
185475176X 9781854751768
5835403011 9785835403011
006046903X 9780060469031
0554904195 9780554904191
1600610935 9781600610936
0768602874 9780768602876
156432088X 9781564320889
079239657X 9780792396574
9994282956 9789994282951
8446007371 9788446007371
0896361489 9780896361485
0764507842 9780764507847
0813123755 9780813123752
052827631X 9780528276316
045160220X 9780451602206
0704401800 9780704401808
1404104240 9781404104242
0521391172 9780521391177
0415485061 9780415485067
0668023368 9780668023368
0905118359 9780905118352
085334051X 9780853340515
1104403536 9781104403539
0314988122 9780314988126
0030131367 9780030131363
0738501921 9780738501925
8822237064 9788822237064
0688138071 9780688138073
1555231365 9781555231361
0691024316 9780691024318
1560440260 9781560440260
0520251156 9780520251151
1561592706 9781561592708
9794594709 9789794594704
1847611133 9781847611130
0446768898 9780446768894
8460487601 9788460487609
0853621160 9780853621164
0818904615 9780818904615
1104405105 9781104405106
0915869004 9780915869008
0950097519 9780950097510
142590937X 9781425909376
1419665855 9781419665851
1877967076 9781877967078
0817264353 9780817264352
0321537114 9780321537119
2051015759 9782051015752
0690016956 9780690016956
0697345351 9780697345356
0941845087 9780941845083
8450048583 9788450048582
0803733453 9780803733459
0201586339 9780201586336
0812042190 9780812042191
0697168093 9780697168092
5288019800 9785288019807
0756746124 9780756746124
0192111930 9780192111937
0823217752 9780823217755
0307038076 9780307038074
0470150564 9780470150566
0787228001 9780787228002
0397504039 9780397504039
4476072232 9784476072235
1426914598 9781426914591
0471487066 9780471487067
0849303982 9780849303982
1420834576 9781420834574
012369535X 9780123695352
2879390079 9782879390079
0760108803 9780760108802
0380975661 9780380975662
0966480635 9780966480634
0852342705 9780852342701
0446342440 9780446342445
2864182262 9782864182269
0852312105 9780852312100
8588787016 9788588787018
0521833914 9780521833912
097240225X 9780972402255
0738515639 9780738515632
0681417102 9780681417106
2902402899 9782902402892
0435901559 9780435901554
0021642702 9780021642700
3642053270 9783642053276
8186030611 9788186030615
1558501029 9781558501027
0887294227 9780887294228
1560114045 9781560114048
1583880429 9781583880425
1852916001 9781852916008
0816517738 9780816517732
0716500531 9780716500537
0936388935 9780936388939
0375946764 9780375946769
3540897836 9783540897835
0821772139 9780821772133
1853715492 9781853715495
8427304811 9788427304819
0939513439 9780939513437
3814401719 9783814401713
0486437388 9780486437385
9264137793 9789264137790
1401025668 9781401025663
1933087366 9781933087368
3865219128 9783865219121
0892871326 9780892871322
2760513092 9782760513099
0917734246 9780917734243
8440092768 9788440092762
155868641X 9781558686410
0811208354 9780811208352
0934385823 9780934385824
3428072146 9783428072149
0521215943 9780521215947
0441049125 9780441049127
9173840149 9789173840149
0606054693 9780606054690
0415033845 9780415033848
9053565760 9789053565766
0780339134 9780780339132
0256069263 9780256069266
3201013102 9783201013109
0761471898 9780761471899
014022324X 9780140223248
0939314363 9780939314362
1551642123 9781551642123
0548577064 9780548577066
9211262321 9789211262322
8430621903 9788430621903
031287488X 9780312874889
0753196557 9780753196557
0641577834 9780641577833
1439505845 9781439505847
1413789366 9781413789362
0304936154 9780304936151
0398018200 9780398018207
8484564851 9788484564850
0671739824 9780671739829
0495130397 9780495130390
8885148441 9788885148444
9544452230 9789544452230
1417737824 9781417737826
9654932989 9789654932981
0199230277 9780199230273
0951375725 9780951375723
0833540432 9780833540430
1591912431 9781591912439
0689102526 9780689102523
0613441729 9780613441728
2921556723 9782921556729
0822339579 9780822339571
8171431895 9788171431892
0313255296 9780313255298
0471549894 9780471549895
1421967278 9781421967271
1103825097 9781103825097
0898839785 9780898839784
0766179419 9780766179417
002665590X 9780026655903
0801825407 9780801825408
015304991X 9780153049911
082541038X 9780825410383
0951214039 9780951214039
078794789X 9780787947897
9630932024 9789630932028
1594538727 9781594538728
0554494000 9780554494005
1902588002 9781902588001
0903729954 9780903729956
006097270X 9780060972707
0194315851 9780194315852
155870129X 9781558701298
0963425714 9780963425713
0844731978 9780844731971
0752859773 9780752859774
0471172170 9780471172178
1901414108 9781901414103
0750529482 9780750529488
0817616438 9780817616434
0827384726 9780827384729
0724102558 9780724102556
0007170564 9780007170562
1404366903 9781404366909
8820488280 9788820488284
9688054135 9789688054130
0559104235 9780559104237
0774027770 9780774027779
1877295817 9781877295812
3150096413 9783150096413
051765010X 9780517650103
1432673637 9781432673635
1566392144 9781566392143
1564962652 9781564962652
187832702X 9781878327024
206003471X 9782060034713
0345277023 9780345277022
0553207954 9780553207958
1904303552 9781904303558
0387193820 9780387193823
0314934502 9780314934505
0947183124 9780947183127
3883756091 9783883756097
013452831X 9780134528311
0812817575 9780812817577
0804809720 9780804809726
1556224184 9781556224188
0440219914 9780440219910
0607920831 9780607920833
0275982246 9780275982249
142505515X 9781425055158
1608762912 9781608762910
7306000322 9787306000323
1565545508 9781565545502
0871011905 9780871011909
9062651976 9789062651979
1595434712 9781595434715
0735526494 9780735526495
3404920589 9783404920587
8450022053 9788450022056
0323016111 9780323016117
0312170084 9780312170080
0914019589 9780914019589
1439231079 9781439231074
0873064917 9780873064910
1403917388 9781403917386
1104410192 9781104410193
0226104451 9780226104454
0810101610 9780810101616
8427002017 9788427002012
929044682X 9789290446828
0963416006 9780963416001
2738473288 9782738473288
9848684352 9789848684351
1437079369 9781437079364
0762000414 9780762000418
0754818578 9780754818571
0586037306 9780586037301
2718801107 9782718801100
1857110145 9781857110142
0811867617 9780811867610
9060007808 9789060007808
0252061039 9780252061035
8473988809 9788473988803
0559233213 9780559233210
3499143917 9783499143915
0852244975 9780852244975
0160376440 9780160376443
0837310326 9780837310329
030637725X 9780306377259
8450565642 9788450565645
039440548X 9780394405483
1432566237 9781432566234
0300125836 9780300125832
3905455196 9783905455199
0737300272 9780737300277
155366244X 9781553662440
0415953340 9780415953344
3701172048 9783701172047
3260050086 9783260050084
8487583288 9788487583285
0894558684 9780894558689
0078262402 9780078262401
0910110379 9780910110372
2729112731 9782729112738
8493052442 9788493052447
9681212487 9789681212483
0938922041 9780938922049
0373672861 9780373672868
0136416055 9780136416050
0851704042 9780851704043
9549090442 9789549090444
0963884921 9780963884923
9771331205 9789771331209
0817982221 9780817982225
0803214278 9780803214279
0030369339 9780030369339
0968153054 9780968153055
3597101097 9783597101091
959080411X 9789590804113
1891859560 9781891859564
0756717612 9780756717612
0769516378 9780769516370
0559304625 9780559304620
1408009226 9781408009222
0452263212 9780452263215
0883290367 9780883290361
8870147711 9788870147711
0396004695 9780396004691
8485354087 9788485354085
076370086X 9780763700867
0936384360 9780936384368
085440421X 9780854404216
9514423232 9789514423239
0849215374 9780849215377
1587798441 9781587798443
968167412X 9789681674120
5340012425 9785340012425
0751531626 9780751531626
8520301479 9788520301470
0198249071 9780198249078
0345364708 9780345364708
0525246657 9780525246657
8474908000 9788474908008
8798677209 9788798677208
1550411985 9781550411980
0737725656 9780737725650
1103726714 9781103726714
8817014710 9788817014717
0872911659 9780872911659
080185525X 9780801855252
1432566644 9781432566647
9711000288 9789711000288
7800709639 9787800709630
2729887377 9782729887377
3406346219 9783406346217
8436809505 9788436809503
1417699922 9781417699926
156758960X 9781567589603
9210612736 9789210612739
2844660568 9782844660565
0471502847 9780471502845
0806134399 9780806134390
1404335412 9781404335417
1561563064 9781561563067
0803923376 9780803923379
2911606701 9782911606700
0713446250 9780713446258
0061814342 9780061814341
8477400660 9788477400660
0716717514 9780716717515
0963968505 9780963968500
2873170344 9782873170349
0451179374 9780451179371
2907150227 9782907150224
9781328339 9789781328336
3540625550 9783540625551
0691116954 9780691116952
014077033X 9780140770339
0713721685 9780713721683
9155023568 9789155023560
1103796011 9781103796014
0714843806 9780714843803
0669909777 9780669909777
9974779308 9789974779303
0198610750 9780198610755
5270006049 9785270006044
0907305393 9780907305392
929118070X 9789291180707
0497260638 9780497260637
9715013252 9789715013253
007022157X 9780070221574
0159290201 9780159290200
0836891139 9780836891133
3506767828 9783506767820
8186385436 9788186385432
1878569678 9781878569677
8871230876 9788871230870
0807822566 9780807822562
0897110099 9780897110099
0613437977 9780613437974
9684092091 9789684092099
0974407801 9780974407807
0439782481 9780439782487
987974988X 9789879749883
0126407401 9780126407402
0373766467 9780373766468
193247269X 9781932472691
9264044493 9789264044494
360891014X 9783608910148
8431501057 9788431501051
0613172019 9780613172011
0824776461 9780824776466
0395264286 9780395264287
9559570102 9789559570103
9687155116 9789687155111
1557045445 9781557045447
1581804350 9781581804355
0772610576 9780772610577
059020601X 9780590206013
1421824213 9781421824215
072040701X 9780720407013
0896861813 9780896861817
1602190070 9781602190078
1566919223 9781566919227
0471899631 9780471899631
1559636009 9781559636001
0873648226 9780873648226
0759243999 9780759243996
0613165292 9780613165297
0533134900 9780533134908
8586611271 9788586611278
0387564764 9780387564760
5713304027 9785713304027
1853675008 9781853675003
0521589878 9780521589871
0719070465 9780719070464
0300105290 9780300105292
0312493185 9780312493189
0911378901 9780911378900
1437813003 9781437813005
0573605742 9780573605741
8487146597 9788487146596
842045706X 9788420457062
9138049481 9789138049488
968615406X 9789686154061
0028605721 9780028605722
155275023X 9781552750230
1891643029 9781891643026
1874105596 9781874105596
0613060954 9780613060950
0030555744 9780030555749
0160840872 9780160840876
043942982X 9780439429825
1928893023 9781928893028
0854563644 9780854563647
0373752458 9780373752454
0965850889 9780965850889
1417673036 9781417673032
1564962210 9781564962218
0747586128 9780747586128
9507823573 9789507823572
0133319423 9780133319422
1606991469 9781606991466
159525000X 9781595250001
0521085195 9780521085199
1437522580 9781437522587
006501037X 9780065010374
8486072042 9788486072049
0415763843 9780415763844
0871319993 9780871319999
0788302566 9780788302565
2070406954 9782070406951
016079997X 9780160799976
0822937794 9780822937791
0684106027 9780684106021
0521095069 9780521095068
9517352913 9789517352918
913806684X 9789138066843
1576751295 9781576751299
082630219X 9780826302199
0333001222 9780333001226
0340883952 9780340883952
8495787296 9788495787293
0915948052 9780915948055
0679785914 9780679785911
0757613292 9780757613296
0958107300 9780958107303
0313302464 9780313302466
0893758779 9780893758776
0440143780 9780440143789
0903983591 9780903983594
1566440629 9781566440622
159156185X 9781591561859
9810531419 9789810531416
080790175X 9780807901755
8974424177 9788974424176
5900536211 9785900536217
0762413085 9780762413089
9027725527 9789027725523
0937986402 9780937986400
1841101923 9781841101927
0135020964 9780135020968
0862999014 9780862999018
014007676X 9780140076769
1581630336 9781581630336
1401226035 9781401226039
088332301X 9780883323014
0613133404 9780613133401
080276021X 9780802760211
0441791379 9780441791378
0917724925 9780917724923
8877418478 9788877418470
155806141X 9781558061415
0962538809 9780962538803
0399502521 9780399502521
0595431631 9780595431632
0892433345 9780892433346
1417775955 9781417775958
1590362411 9781590362419
9978860738 9789978860731
1884363024 9781884363023
0671853384 9780671853389
0120595680 9780120595686
0684162865 9780684162867
0943403065 9780943403069
3412094943 9783412094942
0815400314 9780815400318
0870553917 9780870553912
0754800512 9780754800514
0559065930 9780559065934
1594076979 9781594076978
2215042036 9782215042037
0548678715 9780548678718
0123391075 9780123391070
3880428026 9783880428027
9681645820 9789681645823
0802409946 9780802409942
0382094840 9780382094842
159084615X 9781590846155
1568939590 9781568939599
0852951000 9780852951002
0811667510 9780811667517
1852427825 9781852427825
8450501865 9788450501865
0873150651 9780873150651
0404648568 9780404648565
1402742118 9781402742118
0516534858 9780516534855
0554286467 9780554286464
0415146089 9780415146081
0403000467 9780403000463
0671738283 9780671738280
013153646X 9780131536463
078643855X 9780786438556
089689231X 9780896892316
0262032635 9780262032636
038797640X 9780387976402
0316080608 9780316080606
0497259753 9780497259754
1841582565 9781841582566
093464196X 9780934641968
1560520957 9781560520955
9004094407 9789004094406
1418041831 9781418041830
0799326771 9780799326772
1600132987 9781600132988
038920823X 9780389208235
5898320415 9785898320416
0131347616 9780131347618
8485498828 9788485498826
0634048945 9780634048944
0870239066 9780870239069
0939001624 9780939001620
1887354379 9781887354371
0821403745 9780821403747
0946719322 9780946719327
0877450226 9780877450221
1843625318 9781843625315
1401094295 9781401094294
0060531274 9780060531270
0883363488 9780883363485
1413301975 9781413301977
0821710761 9780821710761
3788308249 9783788308247
0094586101 9780094586109
0879470755 9780879470753
1425047297 9781425047290
0394726995 9780394726991
8489727600 9788489727601
3492228070 9783492228077
1425946380 9781425946388
1566194954 9781566194952
1843091550 9781843091554
0830501037 9780830501038
0820465747 9780820465746
0553200720 9780553200720
9211482194 9789211482195
978291777X 9789782917775
0023316950 9780023316951
0844265152 9780844265155
0313235147 9780313235146
0964681714 9780964681712
1420073419 9781420073416
0030204348 9780030204340
8185394415 9788185394411
0385261225 9780385261227
1551419777 9781551419770
5224031710 9785224031719
3820454098 9783820454093
1575884267 9781575884264
0310258804 9780310258803
0765608359 9780765608352
0323019870 9780323019873
8132006321 9788132006329
1599692317 9781599692319
0807825077 9780807825075
0980226201 9780980226201
0853087970 9780853087977
0899920233 9780899920238
1891134280 9781891134289
031604296X 9780316042963
0816638594 9780816638598
2130358314 9782130358312
0385246773 9780385246774
1890540951 9781890540951
8185041091 9788185041094
1880835002 9781880835005
1860741789 9781860741784
0809323850 9780809323852
3795209382 9783795209384
0415051894 9780415051897
0824015118 9780824015114
1420841882 9781420841886
3290100138 9783290100131
0811420841 9780811420846
963564311X 9789635643110
1599903288 9781599903286
0030767814 9780030767814
0231102550 9780231102551
0769241727 9780769241722
310043921X 9783100439215
3770811518 9783770811519
3359014006 9783359014003
0709935137 9780709935131
0963682938 9780963682932
044488646X 9780444886460
0415967430 9780415967433
0970016409 9780970016409
1879924064 9781879924062
1596370572 9781596370579
0312922345 9780312922344
4893280104 9784893280107
1595406433 9781595406439
0840734409 9780840734402
9576687977 9789576687976
0971700923 9780971700925
0061317144 9780061317149
0920814646 9780920814642
9984922146 9789984922140
9782043427 9789782043429
0399144161 9780399144165
1562865927 9781562865924
0741418037 9780741418036
0548688109 9780548688106
3222122938 9783222122934
0679408614 9780679408611
1433106434 9781433106439
1433005972 9781433005978
0020069502 9780020069508
1855349051 9781855349056
1903300924 9781903300923
0915274914 9780915274918
0312592388 9780312592387
2710805057 9782710805052
0824517083 9780824517083
0824809742 9780824809744
0500016259 9780500016251
0380429454 9780380429455
1850570655 9781850570653
1416401091 9781416401094
1592967078 9781592967070
0310928575 9780310928577
0752437380 9780752437385
8471336243 9788471336248
1900621975 9781900621977
2870770960 9782870770962
0900542446 9780900542442
0961832215 9780961832216
0908575750 9780908575756
3829760299 9783829760294
0742544826 9780742544826
1556525125 9781556525124
0929648013 9780929648019
3884232738 9783884232736
0877782202 9780877782209
9879853024 9789879853023
1416514708 9781416514701
0307580555 9780307580559
9635080220 9789635080229
9512923459 9789512923458
3590021918 9783590021914
0807825026 9780807825020
0807027553 9780807027554
0890300666 9780890300664
1425546064 9781425546069
4816903127 9784816903120
5901685881 9785901685884
0877702713 9780877702719
520102498X 9785201024987
0819421847 9780819421845
9681848780 9789681848781
186039020X 9781860390203
0823031624 9780823031627
078512246X 9780785122463
0030990882 9780030990885
0807061484 9780807061480
0963265504 9780963265500
1417734035 9781417734030
8820725460 9788820725464
8420465895 9788420465890
074519785X 9780745197852
0878451072 9780878451074
0313289921 9780313289927
0135480655 9780135480656
0888666241 9780888666246
0964584476 9780964584471
8741815432 9788741815435
188335501X 9781883355012
3805570635 9783805570633
1423103432 9781423103431
3484304065 9783484304062
4569540767 9784569540764
9875187801 9789875187801
1604534613 9781604534610
0933273452 9780933273450
4312100136 9784312100139
0824092252 9780824092252
4533004563 9784533004568
9993019844 9789993019848
2246075327 9782246075325
0307290107 9780307290106
079181680X 9780791816806
072343073X 9780723430735
0312342241 9780312342241
1558321640 9781558321649
0335199674 9780335199679
0387344020 9780387344027
1413489966 9781413489965
0802862926 9780802862921
2940075034 9782940075034
0912724056 9780912724058
0843900016 9780843900019
2847341552 9782847341553
0312021275 9780312021276
0345505220 9780345505224
818223333X 9788182233331
842367763X 9788423677634
0907099637 9780907099635
0733913687 9780733913686
1430432691 9781430432692
0821318993 9780821318997
0806517964 9780806517964
184747411X 9781847474117
0964133229 9780964133228
8481093939 9788481093933
0253328543 9780253328540
